1	9.180069 	92.820551
2	12.917168	92.896467
3	11.665109	92.73954
4	14.684014	77.596599
5	13.210009	79.091718
6	16.965203	82.234676
7	16.292197	80.44587
8	14.467345	78.824125
9	16.18113	 	81.130274
10	15.822438	78.039648
11	14.457306	79.988965
12	15.5117		80.042784
13	18.294745	83.893632
14	17.721208	83.30335
15	18.107148	83.396484
16	16.711027	81.110934
17	27.884322	96.811604
18	28.213861	94.999551
19	27.138775	95.736574
20	28.799227	95.901938
21	27.358381	93.039927
22	28.064172	95.32691
23	27.791996	94.075326
24	27.694219	93.631634
25	27.903626	93.352815
26	27.980763	94.688015
27	27.927415	96.157577
28	26.887076	95.319207
29	28.134302	95.842634
30	27.665622	94.698885
31	27.540728	93.821851
32	27.66725		95.865178
33	27.163626	93.225443
34	27.146324	93.721185
35	28.530816	94.396174
36	27.590518	91.865426
37	26.987581	95.503805
38	28.640391	95.024643
39	27.987675	94.215289
40	27.264931	92.41982
41	28.168172	94.799224
42	26.18086		91.750854
43	26.663751	91.340842
44	26.318366	91.004467
45	26.732613	93.141229
46	26.484249	90.553041
47	24.827858	92.799976
48	27.020531	95.002074
49	26.515027	90.507169
50	26.438263	92.032086
51	27.472631	94.558951
52	26.024199	89.975438
53	27.478994	94.922159
54	25.177972	93.01104
55	26.18086		91.750854
56	26.51051		93.967793
57	24.686156	92.56466
58	26.008901	92.843095
59	26.765784	94.23485
60	26.246732	91.525279
61	26.18086		91.750854
62	25.850218	93.432895
63	24.868929	92.361655
64	26.406081	90.271891
65	27.23333		94.102813
66	26.955228	94.169876
67	26.252183	92.342872
68	26.347993	92.683763
69	26.445761	91.438469
70	26.984704	94.632756
71	26.634525	92.785212
72	27.166388	88.362121
73	27.487336	95.360486
74	26.750444	92.099699
75	25.853981	92.590248
76	26.133728	87.467539
77	25.244031	84.66281
78	24.752979	84.373981
79	24.885353	86.92351
80	25.42515		86.133686
81	25.241539	86.972568
82	25.554215	84.66652
83	25.56482		83.977773
84	26.154595	85.906851
85	26.650174	84.91139
86	24.803275	84.999696
87	26.460376	84.440043
88	24.926305	86.221381
89	25.223889	84.990956
90	25.03904		83.612642
91	25.542381	87.567895
92	25.505594	86.470021
93	26.100089	87.947266
94	25.173394	86.095184
95	25.909642	86.786103
96	26.34685		86.078809
97	25.378491	86.47109
98	26.122056	85.378965
99	25.196837	85.521303
100	24.886925	85.547289
101	25.603239	85.137014
102	25.781276	87.469923
103	24.954828	84.019125
104	25.877309	86.592778
105	25.860131	85.786682
106	25.784746	84.725077
107	25.132882	85.852413
108	26.513936	85.295915
109	26.59398		85.501772
110	26.223515	84.362237
111	26.115017	86.60383
112	25.701575	85.216466
113	26.804251	84.52049
114	30.743403	76.784951
115	20.730361	81.204391
116	21.657366	82.152977
117	23.606064	83.618051
118	19.205493	81.936078
119	21.715354	81.534667
120	18.796691	80.814381
121	22.056802	82.173115
122	18.890478	81.34993
123	20.706331	81.549551
124	21.199203	81.28874
125	20.632616	82.062131
126	22.7529		81.915747
127	22.036061	82.655988
128	22.877467	84.137455
129	22.00574	81.232362
130	20.270546	81.493695
131	19.590328	81.662934
132	22.356047	82.708309
133	23.260877	82.561812
134	21.110028	82.095419
135	22.067777	81.691837
136	19.722632	81.245184
137	21.897321	83.39117
138	21.256567	81.636232
139	21.097183	81.033453
140	18.388975	81.65901
141	23.213747	82.868596
142	23.122856	83.197943
143	20.275987	73.005037
144	20.421611	72.841387
145	20.71921	70.982176
146	28.655035	77.204231
147	28.635929	77.285827
148	28.632694	77.21966
149	28.852488	77.097797
150	28.701211	77.259072
151	28.728806	77.003437
152	28.659668	77.305725
153	28.515605	77.227032
154	28.580257	77.231182
155	28.613677	76.980268
156	28.628375	77.074996
157	15.497055	73.835885
158	15.398833	73.817249
159	23.018652	72.597713
160	21.602707	71.216398
161	22.561439	72.966156
162	23.46088		73.297378
163	24.17378		72.432843
164	21.703671	72.998866
165	21.770975	72.137916
166	22.171186	71.664537
167	22.30845		74.01469
168	22.844887	74.253865
169	20.759378	73.689081
170	22.216613	69.658304
171	23.234437	72.630095
172	20.910006	70.369973
173	22.468234	70.058929
174	21.52807		70.460302
175	22.750218	72.686947
176	23.018652	72.597713
177	23.126047	73.606126
178	23.607307	72.38103
179	22.816253	70.828662
180	21.869808	73.505877
181	20.948135	72.960489
182	22.777646	73.620836
183	23.852223	72.124946
184	21.641722	69.617416
185	22.312343	70.802617
186	23.590927	72.961742
187	21.205176	72.840493
188	22.73503		71.637806
189	21.110151	73.39032
190	22.310472	73.180837
191	20.600668	72.918439
192	30.357783	76.801408
193	28.793595	76.126222
194	28.596055	76.268462
195	28.392454	77.305904
196	29.5132		75.451099
197	28.477743	77.067818
198	29.149271	75.721496
199	28.607602	76.653113
200	29.318149	76.317042
201	29.800029	76.402581
202	29.685529	76.988846
203	29.96672		76.855927
204	28.271555	76.152304
205	28.104749	77.009717
206	28.140041	77.327513
207	30.695781	76.851941
208	29.381364	76.972813
209	28.191608	76.615004
210	28.897525	76.581389
211	29.537556	75.032195
212	28.992814	77.014624
213	30.141831	77.285103
214	31.339041	76.760802
215	32.55638		76.124046
216	31.688537	76.518477
217	32.101566	76.27297
218	31.540223	78.271191
219	31.962925	77.11065
220	32.572076	77.023358
221	31.708784	76.932011
222	31.104839	77.164031
223	30.560094	77.288662
224	30.90834		77.100069
225	31.468428	76.270662
226	33.736317	75.1527
227	32.731899	74.860376
228	34.207565	74.364916
229	34.009005	74.79655
230	33.144608	75.5451
231	34.212785	74.767354
232	32.731899	74.860376
233	32.38245		75.519907
234	33.323317	75.762029
235	33.645742	75.015491
236	34.526535	74.255935
237	33.766685	74.096
238	33.872838	74.899769
239	33.377156	74.313499
240	33.239143	75.239024
241	33.082041	74.822679
242	32.560278	75.119361
243	33.71595		74.835389
244	34.096743	74.819956
245	32.916844	75.121441
246	23.651353	86.132508
247	24.20642		84.871812
248	24.49231		86.698445
249	23.795972	86.4324
250	24.268486	87.24881
251	22.785176	86.210796
252	24.160914	83.80674
253	24.191671	86.292768
254	24.822822	87.212666
255	23.041529	84.544378
256	23.998095	85.370795
257	23.962073	86.802626
258	23.075508	85.278756
259	24.468151	85.594108
260	23.744952	84.497022
261	23.441592	84.686943
262	24.63887		87.843126
263	24.03762		84.076763
264	23.632239	85.51257
265	23.349547	85.335785
266	25.240771	87.643535
267	22.703758	85.935389
268	22.612544	84.501809
269	22.545743	85.805009
270	16.18604		75.703518
271	13.245359	77.71287
272	12.974002	77.613458
273	15.884168	74.5157
274	15.148386	76.924525
275	17.914451	77.518949
276	11.920629	76.940999
277	13.435251	77.731252
278	13.317994	75.771853
279	14.22733		76.40271
280	12.899623	74.854757
281	14.456278	75.918832
282	15.449972	74.997596
283	15.422503	75.625715
284	17.339502	76.835745
285	13.006396	76.099132
286	14.794666	75.400448
287	12.418577	75.740741
288	13.136377	78.129663
289	15.351525	76.154056
290	12.528493	76.901711
291	12.309962	76.652579
292	16.206909	77.354591
293	12.724698	77.274043
294	13.929444	75.567995
295	13.341262	77.102052
296	13.336181	74.750374
297	14.816338	74.132636
298	15.275051	76.389533
299	16.824875	75.715864
300	16.75724		77.138221
301	9.481441		76.340822
302	10.01792		76.350874
303	9.89724		76.890473
304	11.87542		75.373492
305	12.502738	74.987576
306	8.885561		76.595223
307	9.587186		76.520196
308	11.257818	75.811314
309	11.042122	76.080392
310	10.779123	76.655097
311	9.264692		76.786368
312	8.487549		76.951715
313	10.517007	76.211625
314	11.610184	76.082791
315	34.562844	76.12763
316	34.15224		77.576315
317	10.556262	72.631426
318	23.715901	76.008388
319	22.306597	74.357597
320	23.118265	81.69705
321	24.577289	77.731931
322	21.816554	80.184818
323	22.033081	74.896012
324	21.903044	77.899459
325	26.565		78.786199
326	23.267003	77.413333
327	21.313708	76.226423
328	23.267003	77.413333
329	24.911093	79.587595
330	22.058285	78.943913
331	23.835338	79.440623
332	25.671374	78.455253
333	22.967		76.0569
334	22.599089	75.302799
335	22.945797	81.076045
336	24.649611	77.314469
337	26.215483	78.182414
338	22.343883	77.094746
339	22.752		77.717
340	22.71777		75.86808
341	23.165176	79.953153
342	22.769854	74.593116
343	23.836112	80.402726
344	21.821731	76.348276
345	21.822091	75.608015
346	23.267003	77.413333
347	22.599552	80.372236
348	24.074862	75.068519
349	26.506116	78.003068
350	23.267003	77.413333
351	22.948		79.192
352	24.464025	74.871314
353	25.349674	78.800341
354	24.721485	80.186964
355	23.329807	77.782495
356	24.004353	76.729873
357	23.331511	75.043708
358	24.542523	81.293784
359	23.839356	78.736203
360	24.560839	80.82538
361	23.200025	77.0835
362	22.090651	79.549562
363	23.302		81.369
364	23.419851	76.282883
365	25.669231	76.697732
366	25.423		77.658
367	24.41239		81.879727
368	24.198731	82.667437
369	24.745414	78.833789
370	23.179144	75.78216
371	23.523703	80.831278
372	23.524934	77.80866
373	19.085455	74.735486
374	20.707555	77.003066
375	20.92939		77.75812
376	19.873848	75.315324
377	18.990137	75.753011
378	21.170885	79.656237
379	20.523737	76.188482
380	19.960682	79.300141
381	20.887749	74.769128
382	20.186013	80.005141
383	21.464166	80.197346
384	19.726732	77.146907
385	20.995263	75.56582
386	19.832961	75.892012
387	16.704548	74.241042
388	18.399534	76.584229
389	18.928051	72.820864
390	19.048914	72.826063
391	21.152756	79.087622
392	19.15928		77.310094
393	21.369956	74.240345
394	20.000851	73.782551
395	18.185336	76.041987
396	19.705965	72.76749
397	19.258705	76.774089
398	18.539059	73.872828
399	18.647411	72.87408
400	16.991684	73.295431
401	16.858359	74.57638
402	17.688642	74.005683
403	15.908418	73.822229
404	17.665748	75.90741
405	19.185294	72.973878
406	20.735641	78.598568
407	20.103024	77.147997
408	20.389617	78.127162
409	24.62825		93.763388
410	24.333294	93.980976
411	24.372512	93.705889
412	24.819219	93.952752
413	24.801229	93.942532
414	24.802553	93.122957
415	24.497562	93.986556
416	24.857356	94.509812
417	25.148442	93.970273
418	24.802636	93.597273
419	24.249217	93.188195
420	25.275316	94.027449
421	24.994212	93.499665
422	24.386745	94.14779
423	24.65673		93.985994
424	25.101531	94.361575
425	25.512021	90.605738
426	25.362663	92.361874
427	25.574747	91.878045
428	25.892858	90.605225
429	25.896343	91.883897
430	25.186065	90.636668
431	25.471051	89.934968
432	25.366349	91.458184
433	25.514102	90.220906
434	25.442509	92.193069
435	25.519187	91.263817
436	23.73106		92.717239
437	23.476116	93.315514
438	22.962204	92.927113
439	24.24691		92.682764
440	23.519228	93.18611
441	22.529305	92.897864
442	22.888588	92.743993
443	23.938777	92.489633
444	22.495978	92.98554
445	23.312142	92.856249
446	23.686222	92.963402
447	25.907146	93.730646
448	25.887018	94.785302
449	25.668337	94.104803
450	26.488831	94.81725
451	26.324103	94.521227
452	26.720792	95.030152
453	26.205215	95.018667
454	25.537131	93.733531
455	25.702492	94.460233
456	26.234081	94.812512
457	26.094278	94.258283
458	26.021755	94.529012
459	20.841831	85.106552
460	20.70532		83.487121
461	21.500964	86.924012
462	21.337569	83.621098
463	21.057679	86.496391
464	20.83852		84.322121
465	20.466256	85.896252
466	21.538379	84.732951
467	20.654825	85.59478
468	18.778493	84.093367
469	19.388364	85.049692
470	20.255766	86.16692
471	20.844472	86.336972
472	21.860884	84.018705
473	19.906228	83.164377
474	20.479181	84.230167
475	20.50595		86.420971
476	21.639231	85.606036
477	20.177518	85.624231
478	18.813283	82.712996
479	18.361434	81.88932
480	21.928125	86.727123
481	19.230593	82.549286
482	20.127049	85.104964
483	20.046155	82.717355
484	19.813312	85.831257
485	19.175564	83.410734
486	21.457436	83.980324
487	20.842423	83.899604
488	22.108182	84.03716
489	10.914893	79.836273
490	11.708464	75.531341
491	11.925265	79.827186
492	16.735533	82.216156
493	31.634227	74.874001
494	30.371598	75.549692
495	30.211062	74.945386
496	30.676766	74.759857
497	30.630253	76.389339
498	30.394774	74.03211
499	30.944594	74.612966
500	32.039601	75.400334
501	31.532486	75.905378
502	31.326228	75.576277
503	31.379474	75.392227
504	30.906883	75.846685
505	29.9889		75.403426
506	30.823102	75.173486
507	30.695985	76.72759
508	30.478022	74.515482
509	32.26476		75.636325
510	30.343498	76.398418
511	30.963879	76.533443
512	30.251061	75.834462
513	31.121544	76.109471
514	31.45388		74.926703
515	26.45046		74.638922
516	27.566336	76.626135
517	23.554298	74.44453
518	25.097045	76.512144
519	25.765159	71.414806
520	27.215703	77.503951
521	25.343748	74.630977
522	28.017644	73.330484
523	25.44032		75.643365
524	24.88836		74.623653
525	28.289221	74.966592
526	26.899743	76.332344
527	26.705609	77.893102
528	23.841674	73.714647
529	29.610202	74.295412
530	26.917858	75.801292
531	26.91166		70.921991
532	25.344366	72.625261
533	24.591577	76.156335
534	28.114022	75.387494
535	26.283764	73.021914
536	26.494871	77.025997
537	25.16803		75.851617
538	27.189135	73.728103
539	25.767928	73.326892
540	24.033841	74.781441
541	25.058559	73.886286
542	26.012392	76.356028
543	27.616104	75.151683
544	24.882626	72.858992
545	29.926633	73.875199
546	26.156571	75.781939
547	24.576087	73.700185
548	27.337503	88.614914
549	27.501201	88.535224
550	27.166388	88.362121
551	27.288613	88.255025
552	11.13459		79.073981
553	12.663981	79.985078
554	13.082881	80.276002
555	10.996065	76.967826
556	11.758416	79.769522
557	12.129289	78.163777
558	10.360702	77.971692
559	11.341086	77.720911
560	11.737862	78.964716
561	12.83731		79.705127
562	8.175993		77.437175
563	10.959726	78.085828
564	12.520296	78.2199
565	9.920105		78.110683
566	13.082881	80.276002
567	10.793751	79.841333
568	11.224731	78.16988
569	11.406743	76.699676
570	11.238787	78.864058
571	10.382714	78.815052
572	9.371211		78.826466
573	12.926225	79.328219
574	11.652942	78.135971
575	9.848409		78.485069
576	8.953603		77.31279
577	10.7872		79.142485
578	10.016701	77.491967
579	8.804594		78.145177
580	10.80763		78.694349
581	8.726864		77.685227
582	13.082881	80.276002
583	11.100186	77.352772
584	13.14568		79.90634
585	12.233632	79.06687
586	10.775208	79.638405
587	12.923204	79.124665
588	11.946339	79.500007
589	9.591635		77.962225
590	19.679507	78.537032
591	17.543218	80.618955
592	17.398345	78.474496
593	18.789309	78.91317
594	17.724215	79.154068
595	18.438481	79.867682
596	16.234991	77.799882
597	18.325241	78.33596
598	18.436917	79.124363
599	17.248992	80.142493
600	19.360035	79.292296
601	17.598966	79.99769
602	16.748883	77.999336
603	18.878564	79.449212
604	18.046067	78.263045
605	17.640169	78.482601
606	18.191925	79.944465
607	16.486955	78.311881
608	17.05069		79.267513
609	16.747484	77.495939
610	19.093497	78.343876
611	18.676668	78.107402
612	18.610497	79.379724
613	18.389763	78.808145
614	17.398345	78.474496
615	17.61509		78.081398
616	18.098284	78.849851
617	17.144082	79.62311
618	17.340652	77.905043
619	16.360745	78.061563
620	17.930263	79.643781
621	17.996694	79.565536
622	17.524716	78.899047
623	23.924683	91.871984
624	23.539545	91.495127
625	24.068577	91.609058
626	24.378915	92.162696
627	23.491235	91.340804
628	23.251276	91.469922
629	24.306152	91.996816
630	23.829193	91.26966
631	27.157019	77.9916
632	27.889424	78.075026
633	26.417051	82.534011
634	26.156342	81.806612
635	28.904645	78.468047
636	26.460859	79.512367
637	26.780125	82.147163
638	26.055944	83.182836
639	28.944431	77.225017
640	27.865109	81.497368
641	25.755014	84.1472
642	27.422128	82.18297
643	25.477366	80.333516
644	26.939202	81.177203
645	28.378643	79.402283
646	26.798358	82.746643
647	25.392781	82.570046
648	29.381669	78.141577
649	28.038028	79.114753
650	28.403812	77.858475
651	25.261011	83.261688
652	25.222885	80.915764
653	26.502723	83.781034
654	27.557782	78.661614
655	26.77828		79.024386
656	27.389211	79.583386
657	25.9323		80.817809
658	27.153328	78.397884
659	28.465299	77.511352
660	28.674109	77.438009
661	25.575437	83.560984
662	27.133662	81.963219
663	26.759308	83.382623
664	25.960847	80.145208
665	28.739521	77.780474
666	27.389347	80.131308
667	27.599385	78.054448
668	26.143186	79.32559
669	25.741783	82.686264
670	25.451973	78.577355
671	27.054646	79.917955
672	26.379484	79.956202
673	26.488648	80.312461
674	27.807298	78.64812
675	25.530464	81.377142
676	27.951785	80.773085
677	26.748258	83.915708
678	24.691853	78.421785
679	26.864315	80.942599
680	27.142784	83.563583
681	25.289909	79.880583
682	27.228473	79.025078
683	27.481177	77.675222
684	25.969446	83.717488
685	28.969691	77.752724
686	25.13442		82.568273
687	28.832849	78.765156
688	29.467183	77.708798
689	28.63234		79.812763
690	25.894765	81.938281
691	25.445318	81.825885
692	26.228419	81.244238
693	28.788513	79.002116
694	29.961727	77.540582
695	28.390827	78.625206
696	26.775489	83.067843
697	27.855901	79.909381
698	29.447117	77.305576
699	27.702152	81.93548
700	27.281527	83.088351
701	27.564087	80.681452
702	24.691629	83.061695
703	26.265767	82.075098
704	26.548		80.486
705	25.324479	82.987132
706	29.59318		79.65246
707	29.839006	79.774028
708	30.408374	79.319348
709	29.335818	80.090932
710	30.314882	78.033458
711	29.946656	78.152984
712	29.383547	79.463956
713	30.152586	78.772548
714	29.581709	80.212158
715	30.282565	78.975326
716	30.379608	78.438862
717	28.970835	79.396861
718	30.730411	78.444872
719	26.500076	89.527819
720	23.225065	87.075936
721	23.89169		87.530919
722	26.325428	89.468164
723	25.228732	88.775444
724	27.036757	88.261484
725	22.904563	88.394895
726	22.588159	88.33618
727	26.524243	88.719978
728	22.455603	86.994864
729	27.059447	88.46388
730	22.563398	88.351308
731	25.003119	88.135989
732	24.188852	88.269481
733	23.394843	88.491426
734	22.723742	88.483904
735	23.682759	86.983976
736	22.418272	87.323795
737	23.251139	87.867974
738	22.289383	87.916304
739	23.331991	86.360039
740	22.189751	88.433656
741	25.619347	88.12545
742	0	0
